TE_name	ClassI	ClassII	ClassIII
ClassII_DNA_P_1	0.00013320749	0.999866	7.554462e-07
ClassII_DNA_P_2	1.0619543e-05	0.9999871	2.26709e-06
ClassII_DNA_P_3	1.8831276e-08	0.9999596	4.0373052e-05
ClassI_nLTR_SINE_tRNA_4	0.9998036	0.00019591823	5.260887e-07
ClassI_nLTR_SINE_tRNA_5	0.99991107	8.88794e-05	5.8032933e-11
ClassI_nLTR_SINE_tRNA_6	0.99630666	0.003666749	2.6659276e-05
ClassI_nLTR_SINE_tRNA_7	0.99880016	0.001199877	3.1400845e-08
ClassI_nLTR_SINE_tRNA_8	0.99968934	0.00031071328	1.5888714e-08
ClassI_nLTR_SINE_tRNA_9	0.9983374	0.0016625877	1.224986e-08
ClassI_nLTR_SINE_tRNA_10	0.9999993	6.602327e-07	5.0512095e-16
ClassI_nLTR_SINE_tRNA_11	0.99998736	1.2670599e-05	3.8037248e-10
ClassIII_Helitron_12	1.4688888e-30	1.0	1.2663292e-37
ClassIII_Helitron_13	2.55023e-06	0.0008156457	0.9991818
ClassIII_Helitron_14	0.0003271037	0.006760978	0.9929119
ClassIII_Helitron_15	0.09793224	0.59400964	0.30805805
ClassIII_Helitron_16	0.0005095805	0.009763956	0.9897265
ClassIII_Helitron_17	0.0020838792	0.00040997993	0.9975062
ClassIII_Helitron_18	0.057669804	0.08417083	0.85815936
ClassIII_Helitron_19	0.00450032	0.09969119	0.8958085
ClassIII_Helitron_20	7.795851e-06	0.010918324	0.98907393
ClassIII_Helitron_21	6.0035704e-06	0.03719488	0.96279913
ClassIII_Helitron_22	6.4559565e-08	2.4948095e-05	0.99997497
ClassIII_Helitron_23	7.154686e-08	0.010378881	0.98962104
ClassIII_Helitron_24	0.0031752514	0.19797185	0.798853
ClassIII_Helitron_25	5.2955824e-07	0.06563032	0.9343691
ClassIII_Helitron_26	0.00024941517	0.04401872	0.9557319
ClassIII_Helitron_27	9.897133e-06	0.10387414	0.89611596
ClassIII_Helitron_28	8.917938e-05	0.0070891166	0.99282175
ClassIII_Helitron_29	3.2869666e-06	0.04319662	0.9568001
ClassIII_Helitron_30	0.00019956031	0.00035358203	0.9994468
ClassI_LTR_Copia_31	0.99999094	9.024721e-06	4.0486106e-10
ClassI_LTR_Copia_32	1.0	1.5770415e-16	3.381477e-20
ClassI_LTR_Copia_33	0.99999654	3.5010182e-06	9.330551e-11
ClassI_LTR_Copia_34	1.0	6.7187793e-09	7.461515e-14
ClassI_LTR_Copia_35	0.5535926	0.4464072	1.14916986e-07
ClassI_LTR_Copia_36	0.99935645	0.0006431623	3.9450424e-07
ClassI_LTR_Copia_37	0.99804676	0.0019521583	1.0482626e-06
ClassI_LTR_Copia_38	0.9976453	0.002354657	1.4364939e-08
ClassI_LTR_Copia_39	0.99990153	9.842154e-05	2.6125225e-08
ClassI_LTR_Copia_40	0.9999224	7.764451e-05	1.5936396e-09
ClassI_LTR_Copia_41	0.9995239	0.00047519366	9.797603e-07
ClassI_LTR_Copia_42	0.9991412	0.0008587107	7.2357134e-09
ClassI_LTR_Copia_43	0.9984132	0.0015867377	4.707705e-08
ClassI_LTR_Copia_44	1.0	2.851652e-09	6.799594e-14
ClassI_LTR_Copia_45	1.0	6.119078e-14	2.3010308e-18
ClassI_LTR_Copia_46	1.0	5.0780537e-14	2.8083336e-18
ClassI_LTR_Copia_47	0.99942976	0.000569463	6.611442e-07
ClassI_LTR_Copia_48	0.999997	3.0040862e-06	1.2233416e-12
ClassI_LTR_Copia_49	1.0	2.1771998e-12	2.0603749e-17
ClassI_LTR_Copia_50	0.9994925	0.00050737214	1.7675113e-07
ClassI_LTR_Copia_51	0.99101275	0.008987242	1.7403131e-08
ClassI_LTR_Copia_52	1.0	2.397062e-13	1.0863331e-18
ClassI_LTR_Copia_53	1.0	4.6011173e-10	6.7087413e-16
ClassI_LTR_Copia_54	1.0	6.433382e-10	3.2445285e-14
ClassI_LTR_Copia_55	1.0	1.4176783e-14	7.004391e-22
ClassI_LTR_Copia_56	0.9830839	0.016915103	8.881404e-07
ClassI_LTR_Copia_57	0.9956613	0.0042834906	5.51437e-05
ClassI_LTR_Copia_58	0.24253637	0.7573205	0.00014306161
ClassI_LTR_Copia_59	0.99595994	0.004038946	1.127773e-06
ClassI_LTR_Copia_60	0.98330104	0.016658396	4.0543142e-05
ClassI_LTR_Copia_61	1.0	2.5135756e-13	1.7414861e-19
ClassI_LTR_Copia_62	0.99956065	0.00043938783	1.2191117e-09
ClassI_LTR_Copia_63	1.0	2.4462965e-11	3.9745228e-17
ClassI_LTR_Copia_64	0.99998784	1.2217027e-05	1.9519175e-09
ClassI_LTR_Copia_65	1.0	9.1239766e-10	9.4236396e-11
ClassI_LTR_Copia_66	1.0	1.7738776e-11	4.0920286e-18
ClassI_LTR_Copia_67	0.002716726	0.9972807	2.548596e-06
ClassI_LTR_Copia_68	0.99999905	9.3823104e-07	7.24225e-11
ClassI_LTR_Copia_69	0.9581863	0.04180421	9.464212e-06
ClassI_LTR_Copia_70	0.8984201	0.101443395	0.00013649609
ClassI_LTR_Copia_71	0.99999416	5.8211626e-06	5.281045e-10
ClassI_LTR_Copia_72	0.99999654	3.4565262e-06	4.017659e-12
ClassI_LTR_Copia_73	0.97614974	0.023217019	0.0006332744
ClassI_LTR_Copia_74	0.9475348	0.052378442	8.6781e-05
ClassI_LTR_Copia_75	0.99999976	2.1875863e-07	2.3337898e-12
ClassI_LTR_Copia_76	0.63215965	0.36784017	1.437846e-07
ClassI_LTR_Copia_77	0.014406816	0.98557985	1.34080055e-05
ClassI_LTR_Copia_78	0.99404526	0.0059542404	5.268128e-07
ClassI_LTR_Copia_79	0.99995685	4.315473e-05	1.9725122e-09
ClassI_LTR_Copia_80	1.0	5.5381817e-11	6.1349266e-17
ClassI_LTR_Copia_81	0.99669397	0.0032297424	7.631939e-05
ClassI_LTR_Copia_82	0.97760415	0.022346359	4.9586426e-05
ClassI_LTR_Copia_83	0.9999999	2.9051417e-08	8.443893e-08
ClassI_LTR_Copia_84	0.9999374	6.225222e-05	3.2943282e-07
ClassI_LTR_Copia_85	1.0	1.450754e-08	5.1379854e-16
ClassI_LTR_Copia_86	1.0	2.086917e-10	7.460572e-15
ClassI_LTR_Copia_87	0.99999917	8.697202e-07	1.6759865e-12
ClassI_LTR_Copia_88	1.0	1.773368e-21	3.0584217e-26
ClassI_LTR_Copia_89	1.0	1.21752465e-14	4.7428132e-20
ClassI_LTR_Copia_90	0.99997365	2.351238e-05	2.8639572e-06
ClassI_LTR_Copia_91	1.0	6.586312e-17	1.4434494e-21
ClassI_LTR_Copia_92	1.0	5.4847355e-08	1.8763205e-11
ClassI_LTR_Copia_93	1.0	2.543993e-15	2.2758077e-21
ClassI_LTR_Copia_94	0.99999785	2.0900716e-06	1.2210915e-11
ClassI_LTR_Copia_95	0.99984837	0.00015157112	7.9302914e-10
ClassI_LTR_Copia_96	0.9871193	0.012875555	5.147771e-06
ClassI_LTR_Copia_97	1.0	1.9549414e-12	8.19883e-17
ClassI_LTR_Copia_98	1.0	4.934932e-10	1.3236935e-15
ClassI_LTR_Copia_99	0.96441597	0.035583723	2.525206e-07
ClassI_LTR_Copia_100	0.9999926	7.361344e-06	5.2098956e-09
ClassI_LTR_Copia_101	0.013165402	0.9861611	0.00067349337
ClassI_LTR_Copia_102	1.0	4.4815016e-11	2.3421334e-16
ClassI_LTR_Copia_103	1.0	1.3272742e-14	3.5853077e-22
ClassI_LTR_Copia_104	1.0	2.8023976e-08	1.0726099e-08
ClassI_LTR_Copia_105	1.0	1.3079813e-17	1.1203457e-20
ClassI_LTR_Copia_106	0.9610058	0.03899413	9.0346724e-08
ClassI_LTR_Copia_107	1.0	1.9177264e-11	2.3502075e-15
ClassI_LTR_Copia_108	0.68186486	0.31778035	0.00035492377
ClassI_LTR_Copia_109	0.9998627	0.00013722712	1.2727048e-07
ClassI_LTR_Copia_110	0.99999917	8.840712e-07	6.943371e-11
ClassI_LTR_Copia_111	0.9999958	4.2117813e-06	3.5531904e-09
ClassI_LTR_Copia_112	0.06591895	0.9327806	0.0013004142
ClassI_LTR_Copia_113	0.99995685	4.312268e-05	1.356991e-08
ClassI_LTR_Copia_114	0.96623737	0.033751808	1.0808446e-05
ClassI_LTR_Copia_115	0.9966067	0.0033917923	1.5974114e-06
ClassI_LTR_Copia_116	0.9996125	0.00038645684	1.0577813e-06
ClassI_LTR_Copia_117	0.99999857	1.4786574e-06	5.622649e-12
ClassI_LTR_Copia_118	1.0	2.4809832e-08	3.562009e-15
ClassI_LTR_Copia_119	1.0	2.9982217e-10	2.6790293e-15
ClassI_LTR_Copia_120	0.978754	0.021228936	1.70896e-05
ClassI_LTR_Copia_121	0.9926226	0.007374828	2.6564485e-06
ClassI_LTR_Copia_122	0.9994326	0.0005672586	7.584108e-08
ClassI_LTR_Copia_123	1.0	7.6718184e-19	1.5500964e-21
ClassI_LTR_Copia_124	1.0	2.3617758e-10	1.4401176e-12
ClassI_LTR_Copia_125	0.9931085	0.0068899207	1.5065899e-06
ClassI_LTR_Copia_126	0.988362	0.011637368	6.243116e-07
ClassI_LTR_Copia_127	1.0	5.1513096e-09	1.0095372e-13
ClassI_LTR_Copia_128	1.0	2.5098743e-19	1.5041929e-30
ClassI_LTR_Copia_129	0.99850357	0.0014950124	1.4087979e-06
ClassI_LTR_Copia_130	0.99848974	0.0014929422	1.729379e-05
ClassI_LTR_Copia_131	0.9999999	6.203318e-08	2.2923804e-13
ClassI_LTR_Copia_132	1.0	6.5757217e-12	1.7287355e-22
ClassI_LTR_Copia_133	1.0	3.1688888e-12	2.219404e-20
ClassI_LTR_Copia_134	0.9779979	0.02142973	0.0005723348
ClassI_LTR_Copia_135	0.9996797	0.00031956995	6.8979955e-07
ClassI_LTR_Copia_136	0.99858177	0.001417861	3.3327075e-07
ClassI_LTR_Copia_137	1.0	2.8862186e-09	4.874067e-12
ClassI_LTR_Copia_138	1.0	1.8494685e-12	3.332591e-16
ClassI_LTR_Copia_139	1.0	5.6066307e-14	4.5967916e-18
ClassI_LTR_Copia_140	0.9999999	8.0074585e-08	3.630838e-14
ClassI_LTR_Copia_141	0.9974718	0.0025183659	9.838065e-06
ClassI_LTR_Copia_142	0.28815964	0.6779356	0.033904828
ClassI_LTR_Copia_143	1.0	7.430849e-11	3.61903e-21
ClassI_LTR_Copia_144	0.7668564	0.23314364	3.54749e-08
ClassI_LTR_Copia_145	0.0026989053	0.9971106	0.00019045992
ClassI_LTR_Copia_146	1.0	9.760897e-13	5.12274e-16
ClassI_LTR_Copia_147	1.0	2.336857e-14	4.9849593e-17
ClassI_LTR_Copia_148	0.9760551	0.023940785	4.0180316e-06
ClassI_LTR_Copia_149	0.4854515	0.5074727	0.0070758313
ClassI_LTR_Copia_150	1.0	2.5630807e-11	2.7667208e-21
ClassI_LTR_Copia_151	1.0	4.227734e-14	3.2839509e-18
ClassI_LTR_Copia_152	0.99999964	4.1274652e-07	1.325034e-12
ClassI_LTR_Copia_153	1.0	2.7768738e-08	1.6273646e-14
ClassI_LTR_Copia_154	0.9774418	0.022548677	9.503592e-06
ClassI_LTR_Copia_155	0.079717346	0.9202577	2.4963896e-05
ClassI_LTR_Copia_156	0.99985695	0.0001429985	8.098588e-12
ClassI_LTR_Copia_157	0.0134002995	0.9864521	0.0001475286
ClassI_LTR_Copia_158	0.99917537	0.00082456815	1.1976854e-10
ClassI_LTR_Copia_159	0.9999604	3.9543935e-05	3.6159953e-10
ClassI_LTR_Copia_160	1.0	2.038882e-09	1.5561e-11
ClassI_LTR_Copia_161	0.9999993	7.502816e-07	1.514881e-13
ClassI_LTR_Copia_162	0.9801189	0.019848766	3.2313983e-05
ClassI_LTR_Copia_163	0.9998925	0.000107501575	6.0198913e-09
ClassI_LTR_Copia_164	0.9999981	1.9647412e-06	1.0233767e-11
ClassI_LTR_Copia_165	0.9999943	5.7621687e-06	1.5675864e-08
ClassI_LTR_Copia_166	1.0	2.9713941e-15	4.714067e-25
ClassI_LTR_Copia_167	1.0	1.8416346e-10	1.5069203e-16
ClassI_LTR_Copia_168	9.883547e-05	0.9993332	0.00056791824
ClassI_LTR_Copia_169	0.99176663	0.008229725	3.6885829e-06
ClassI_LTR_Copia_170	0.99973255	0.00026748818	4.51743e-12
ClassI_LTR_Copia_171	0.9999937	5.750851e-06	6.4000864e-07
ClassI_LTR_Copia_172	0.99985766	0.00014231306	1.5955184e-10
ClassI_LTR_Copia_173	0.9913913	0.007929148	0.00067960186
ClassI_LTR_Copia_174	0.80352855	0.19623563	0.00023585412
ClassI_LTR_Copia_175	0.99837106	0.0016004212	2.8533268e-05
ClassI_LTR_Copia_176	0.99468046	0.0052851844	3.4403733e-05
ClassI_LTR_Copia_177	0.97747165	0.022527862	4.6785814e-07
ClassI_LTR_Copia_178	1.0	1.0896129e-16	2.4245712e-22
ClassI_LTR_Copia_179	1.0	1.6845265e-11	1.1061092e-16
ClassI_LTR_Copia_180	1.0	1.3847958e-10	6.5913166e-16
ClassI_LTR_Copia_181	0.9993654	0.00062624447	8.2996075e-06
ClassI_LTR_Copia_182	1.0	1.6747973e-18	4.02078e-22
ClassI_LTR_Copia_183	1.0	6.875411e-12	2.568085e-16
ClassI_LTR_Copia_184	0.9997067	0.00028817935	5.099157e-06
ClassI_LTR_Copia_185	0.99920964	0.00078903255	1.3275998e-06
ClassI_LTR_Copia_186	0.9980204	0.0019791601	4.9572e-07
ClassI_LTR_Copia_187	0.99991584	8.147939e-05	2.6713642e-06
ClassI_LTR_Copia_188	1.0	1.2382262e-12	1.265453e-18
ClassI_LTR_Copia_189	1.0	1.2292999e-13	1.8083376e-21
ClassI_LTR_Copia_190	0.99670947	0.003290189	3.3991915e-07
ClassI_LTR_Copia_191	0.9999993	6.799212e-07	9.575856e-10
ClassI_LTR_Copia_192	0.9988493	0.0011506737	1.403241e-10
ClassI_LTR_Copia_193	0.9999995	4.6290438e-07	7.6729503e-13
ClassI_LTR_Copia_194	1.0	3.3799607e-13	7.072823e-17
ClassI_LTR_Copia_195	0.9999994	6.0663956e-07	6.0048464e-09
ClassI_LTR_Copia_196	1.0	1.11574344e-13	1.4632109e-17
ClassI_LTR_Copia_197	0.99999905	9.306811e-07	4.2061368e-09
ClassI_LTR_Copia_198	0.9324701	0.06751112	1.8828265e-05
ClassI_LTR_Copia_199	0.9767556	0.023244316	9.793161e-10
ClassI_LTR_Copia_200	0.9999256	7.427769e-05	1.5001106e-07
ClassI_LTR_Copia_201	1.0	1.4435221e-12	4.1575152e-18
ClassI_LTR_Copia_202	1.0	9.65857e-14	3.760803e-19
ClassI_LTR_Copia_203	0.061803184	0.9334898	0.0047070603
ClassI_LTR_Copia_204	0.9998877	0.00010533679	6.8974346e-06
ClassI_LTR_Copia_205	0.9811921	0.018784259	2.358324e-05
ClassI_LTR_Copia_206	0.99997985	2.0122841e-05	3.0459184e-08
ClassI_LTR_Copia_207	1.0	1.9218935e-11	1.3044436e-17
ClassI_LTR_Copia_208	0.98793554	0.012063171	1.2949818e-06
ClassI_LTR_Copia_209	0.9999999	1.0255437e-07	3.1284596e-08
ClassI_LTR_Copia_210	0.96419805	0.035764202	3.7720525e-05
ClassI_LTR_Copia_211	0.7786953	0.2195426	0.0017621847
ClassI_LTR_Copia_212	0.9996327	0.00036717186	1.7515667e-07
ClassI_LTR_Copia_213	0.99673104	0.0032644325	4.4905773e-06
ClassI_LTR_Copia_214	0.9793388	0.020659627	1.517893e-06
ClassI_LTR_Copia_215	1.0	1.6699428e-10	8.8771345e-16
ClassI_LTR_Copia_216	0.8960297	0.10367056	0.00029967658
ClassI_LTR_Copia_217	1.0	4.281157e-08	2.3694471e-13
ClassI_LTR_Copia_218	1.0	5.187458e-08	9.6840366e-12
ClassI_LTR_Copia_219	1.0	4.993063e-11	8.8115855e-15
ClassI_LTR_Copia_220	0.98905784	0.010940774	1.4032793e-06
ClassI_LTR_Copia_221	1.0	1.4125237e-13	1.0988623e-17
ClassI_LTR_Copia_222	0.998417	0.0015817413	1.1640226e-06
ClassI_LTR_Copia_223	0.02361867	0.97638035	9.0092584e-07
ClassI_LTR_Copia_224	1.0	3.6533485e-20	1.3686741e-23
ClassI_LTR_Copia_225	0.9052043	0.09476845	2.717527e-05
ClassI_LTR_Copia_226	0.80609906	0.19132166	0.0025793088
ClassI_LTR_Copia_227	0.99999785	2.194958e-06	2.9656158e-09
ClassI_LTR_Copia_228	0.99999845	1.5906761e-06	8.732422e-10
ClassI_LTR_Copia_229	1.0	1.2262884e-09	1.0184619e-11
ClassI_LTR_Copia_230	0.97531134	0.024390271	0.00029837608
ClassI_LTR_Copia_231	1.0	4.211298e-15	5.1668254e-21
ClassI_LTR_Copia_232	0.9999809	1.9131874e-05	5.2919863e-10
ClassI_LTR_Copia_233	1.0	1.2432292e-08	2.192276e-12
ClassI_LTR_Copia_234	0.9984804	0.001503062	1.6560927e-05
ClassI_LTR_Copia_235	0.9984681	0.0015169057	1.4993118e-05
ClassI_LTR_Copia_236	1.0	5.219238e-15	7.6140905e-19
ClassI_LTR_Copia_237	0.9941882	0.0058118375	4.438507e-08
ClassI_LTR_Copia_238	0.9995372	5.023027e-05	0.00041251775
ClassI_LTR_Copia_239	0.84195185	0.15731071	0.0007374285
ClassI_LTR_Copia_240	0.99983156	0.00016844126	4.495469e-08
ClassI_LTR_Copia_241	0.9999957	4.3372215e-06	3.2221392e-11
ClassI_LTR_Copia_242	1.0	2.6333923e-08	1.1089446e-15
ClassI_LTR_Copia_243	0.99090487	0.009095057	1.1776394e-07
ClassI_LTR_Copia_244	1.0	2.2653593e-12	2.3173524e-19
ClassI_LTR_Copia_245	0.9760202	0.023978705	1.0389897e-06
ClassI_LTR_Copia_246	0.94203746	0.051665884	0.0062966063
ClassI_LTR_Copia_247	0.9999875	1.2396495e-05	1.09080204e-07
ClassI_LTR_Copia_248	0.99464875	0.0053447415	6.5384706e-06
ClassI_LTR_Copia_249	0.6905579	0.3092061	0.00023604903
ClassI_LTR_Copia_250	0.9999225	7.676064e-05	6.858158e-07
ClassI_LTR_Copia_251	0.9999331	6.680775e-05	1.1015854e-07
ClassI_LTR_Copia_252	0.99431086	0.005684343	4.739964e-06
ClassI_LTR_Copia_253	0.9997764	0.00022358749	3.800867e-08
ClassI_LTR_Copia_254	0.097539425	0.70980424	0.19265634
ClassI_LTR_Copia_255	0.9996563	0.0002914774	5.224202e-05
ClassI_LTR_Copia_256	0.99999785	2.108796e-06	2.1278104e-09
ClassI_LTR_Copia_257	1.0	9.934552e-11	2.0323984e-16
ClassI_LTR_Copia_258	1.0	8.101769e-16	1.0250956e-19
ClassI_LTR_Copia_259	0.99996936	3.0577074e-05	1.1631863e-11
ClassI_LTR_Copia_260	0.99934703	0.0006526549	3.6678574e-07
ClassI_LTR_Copia_261	1.0	3.7037554e-11	4.8075245e-16
ClassI_LTR_Copia_262	1.0	1.9102098e-11	5.9728388e-18
ClassI_LTR_Copia_263	0.99531686	0.0046818675	1.2551062e-06
ClassI_LTR_Copia_264	0.9297379	0.070261225	8.0358035e-07
ClassI_LTR_Copia_265	0.812682	0.187315	3.0366152e-06
ClassI_LTR_Copia_266	0.99999094	9.110522e-06	4.3259663e-09
ClassI_LTR_Copia_267	0.9999999	1.08422974e-07	4.3535318e-11
ClassI_LTR_Copia_268	0.99999106	5.803972e-06	3.0918727e-06
ClassI_LTR_Copia_269	1.0	1.1698498e-08	9.507377e-14
ClassI_LTR_Copia_270	1.0	6.842495e-16	4.1452495e-22
ClassI_LTR_Copia_271	1.0	1.5246755e-11	5.089257e-16
ClassI_LTR_Copia_272	0.9999999	6.437439e-08	8.972126e-14
ClassI_LTR_Copia_273	1.0	6.4668115e-09	2.5183573e-15
ClassI_LTR_Copia_274	0.9999554	4.4580884e-05	4.4837794e-08
ClassI_LTR_Copia_275	0.99801755	0.0019822344	1.9640585e-07
ClassI_LTR_Copia_276	1.0	1.4788872e-09	7.61399e-15
ClassI_LTR_Copia_277	0.99954164	0.00045835396	4.346881e-08
ClassI_LTR_Copia_278	0.79258376	0.20741627	5.2415133e-10
ClassI_LTR_Copia_279	0.69762504	0.3023743	7.62974e-07
ClassI_LTR_Copia_280	1.0	5.4037096e-12	1.3114281e-18
ClassI_LTR_Copia_281	1.0	2.7784099e-12	1.6002838e-14
ClassI_LTR_Copia_282	0.9999949	5.164843e-06	1.8274583e-09
ClassI_LTR_Copia_283	1.0	3.9831915e-16	6.910416e-21
ClassI_LTR_Copia_284	0.99999964	3.5124748e-07	2.8832985e-11
ClassI_LTR_Copia_285	1.0	1.2168322e-15	3.766817e-20
ClassI_LTR_Copia_286	1.0	6.2433935e-15	5.750657e-21
ClassI_LTR_Copia_287	1.0	1.5714994e-15	2.1893483e-22
ClassI_LTR_Copia_288	1.0	3.1407565e-09	1.5089834e-11
ClassI_LTR_Copia_289	0.9995535	0.00039670613	4.978736e-05
ClassI_LTR_Copia_290	1.0	2.996868e-09	6.476229e-13
ClassI_LTR_Copia_291	0.79864794	0.20135099	1.1522474e-06
ClassI_LTR_Copia_292	0.7141346	0.28568065	0.00018479288
ClassI_LTR_Copia_293	0.48986167	0.5099318	0.00020648829
ClassI_LTR_Copia_294	1.0	1.0341694e-10	4.5708668e-15
ClassI_LTR_Copia_295	0.9720035	0.027708841	0.00028754145
ClassI_LTR_Copia_296	0.99999917	8.473287e-07	5.663688e-10
ClassI_LTR_Copia_297	1.0	1.0137933e-14	1.6688216e-18
ClassI_LTR_Copia_298	0.04049643	0.90675616	0.05274741
ClassI_LTR_Copia_299	0.9999999	1.584434e-07	4.7346432e-12
ClassI_LTR_Copia_300	0.97558695	0.024413083	1.117701e-08
ClassI_LTR_Copia_301	0.99999976	2.8166312e-07	1.281067e-12
ClassI_LTR_Copia_302	1.0	6.256633e-09	3.7897575e-15
ClassI_LTR_Copia_303	0.7302981	0.2696696	3.2279546e-05
ClassI_LTR_Copia_304	1.0	1.5284678e-17	9.3504794e-23
ClassI_LTR_Copia_305	0.96253055	0.03461858	0.002850906
ClassI_LTR_Copia_306	1.0	5.180862e-12	3.4400994e-15
ClassI_LTR_Copia_307	0.99929965	0.00070006814	2.5241513e-07
ClassI_LTR_Copia_308	0.99823916	0.0017587817	2.079489e-06
ClassI_LTR_Copia_309	0.93128526	0.06871452	2.0496304e-07
ClassI_LTR_Copia_310	0.9918715	0.008127471	1.0577573e-06
ClassI_LTR_Copia_311	1.0	2.696521e-15	3.3868362e-19
ClassI_LTR_Copia_312	0.999345	0.00065494806	1.594632e-08
ClassI_LTR_Copia_313	0.48986167	0.5099318	0.00020648829
ClassI_LTR_Copia_314	0.9998522	0.00014780069	1.8236923e-08
ClassI_LTR_Copia_315	0.96029246	0.039707366	1.01705886e-07
ClassI_LTR_Copia_316	0.006796707	0.9932033	5.829673e-08
ClassI_LTR_Copia_317	1.0	1.9790838e-12	2.78984e-18
ClassI_LTR_Copia_318	0.9998522	0.00014780069	1.8236923e-08
ClassI_LTR_Copia_319	0.0010568416	0.99312675	0.0058163754
ClassI_LTR_Copia_320	0.16889462	0.83109415	1.1169496e-05
ClassI_LTR_Copia_321	0.10549616	0.8940977	0.0004061083
ClassI_LTR_Copia_322	0.8244532	0.17554353	3.3434897e-06
ClassI_LTR_Copia_323	1.0	3.0017085e-16	2.2815175e-22
ClassI_LTR_Copia_324	1.0	3.0148467e-17	8.753418e-24
ClassI_LTR_Copia_325	1.0	3.1769559e-12	4.7088e-18
ClassI_LTR_Copia_326	0.9999995	4.6643444e-07	4.1356087e-09
ClassI_LTR_Copia_327	0.9744504	0.025539014	1.05252875e-05
ClassI_LTR_Copia_328	1.0	2.3492927e-08	4.0743136e-13
ClassI_LTR_Copia_329	0.9999995	5.306061e-07	7.4052084e-11
ClassI_LTR_Copia_330	0.9999682	3.180228e-05	6.6288774e-09
ClassI_LTR_Copia_331	1.0	5.4791227e-11	8.935328e-17
ClassI_LTR_Copia_332	0.79855394	0.19539315	0.0060529285
ClassI_LTR_Copia_333	0.99999344	6.5640006e-06	1.05139446e-10
ClassI_LTR_Copia_334	0.72189784	0.2781019	2.687179e-07
ClassI_LTR_Copia_335	0.9952265	0.004765877	7.5827975e-06
ClassI_LTR_Copia_336	0.13080579	0.8691941	1.1682598e-07
ClassI_LTR_Copia_337	0.999749	0.00025098116	1.1945164e-10
ClassI_LTR_Copia_338	0.97822785	0.017993374	0.0037788062
ClassI_LTR_Copia_339	0.6965754	0.30341762	7.016327e-06
ClassI_LTR_Gypsy_340	1.0	3.1547862e-10	6.079466e-14
ClassI_LTR_Gypsy_341	0.4591058	0.54089254	1.6854399e-06
ClassI_LTR_Gypsy_342	0.99654526	0.0034547497	1.4380277e-08
ClassI_LTR_Gypsy_343	1.0	3.0950828e-14	1.5227869e-18
ClassI_LTR_Gypsy_344	0.9999398	6.0239443e-05	9.2031416e-10
ClassI_LTR_Gypsy_345	1.0	4.6210825e-21	1.835063e-22
ClassI_LTR_Gypsy_346	1.0	9.152425e-13	2.0151657e-10
ClassI_LTR_Gypsy_347	0.102053	0.89791745	2.9550394e-05
ClassI_LTR_Gypsy_348	0.99727935	0.0027207292	1.5326016e-08
ClassI_LTR_Gypsy_349	0.97843367	0.021566313	1.8706608e-08
ClassI_LTR_Gypsy_350	0.99992716	7.254533e-05	2.2093889e-07
ClassI_LTR_Gypsy_351	0.9999757	2.4286363e-05	2.049661e-08
ClassI_LTR_Gypsy_352	0.9999987	1.3121487e-06	1.2801145e-10
ClassI_LTR_Gypsy_353	1.0	3.329461e-11	1.0692969e-15
ClassI_LTR_Gypsy_354	0.9338009	0.066194706	4.4435806e-06
ClassI_LTR_Gypsy_355	0.99061394	0.009385972	1.5798298e-07
ClassI_LTR_Gypsy_356	0.99999106	8.936372e-06	2.9982575e-10
ClassI_LTR_Gypsy_357	0.9999995	5.175757e-07	1.6074624e-11
ClassI_LTR_Gypsy_358	1.0	2.4348563e-17	1.0424303e-20
ClassI_LTR_Gypsy_359	0.9999999	1.6899862e-07	9.13521e-13
ClassI_LTR_Gypsy_360	1.0	5.7361255e-08	3.0182374e-12
ClassI_LTR_Gypsy_361	0.9999989	1.11384e-06	9.6685975e-12
ClassI_LTR_Gypsy_362	0.99457777	0.0054222355	4.7951392e-08
ClassI_LTR_Gypsy_363	0.9999902	9.798114e-06	3.523291e-11
ClassI_LTR_Gypsy_364	1.0	2.7024512e-16	6.7816065e-17
ClassI_LTR_Gypsy_365	1.0	1.3667846e-13	4.319376e-13
ClassI_LTR_Gypsy_366	1.0	1.03127224e-13	5.0048377e-15
ClassI_LTR_Gypsy_367	0.9983107	0.0016892222	7.798483e-08
ClassI_LTR_Gypsy_368	1.0	9.7115605e-12	5.9394e-16
ClassI_LTR_Gypsy_369	0.9806296	0.019367138	3.2281448e-06
ClassI_LTR_Gypsy_370	0.98087907	0.019119784	1.1616276e-06
ClassI_LTR_Gypsy_371	0.9999993	7.487898e-07	2.0117612e-18
ClassI_LTR_Gypsy_372	1.0	8.809008e-09	1.1502798e-11
ClassI_LTR_Gypsy_373	0.88169503	0.11760693	0.00069797615
ClassI_LTR_Gypsy_374	1.0	4.002742e-12	1.2179756e-21
ClassI_LTR_Gypsy_375	0.9999995	4.3403062e-07	3.2459897e-09
ClassI_LTR_Gypsy_376	0.99999845	1.5344475e-06	8.777247e-16
ClassI_LTR_Gypsy_377	1.0	1.1639017e-10	2.3136952e-08
ClassI_LTR_Gypsy_378	0.9999758	2.4258241e-05	1.489589e-09
ClassI_LTR_Gypsy_379	0.8592774	0.14067385	4.8770104e-05
ClassI_LTR_Gypsy_380	1.0	6.9944606e-14	1.6459471e-11
ClassI_LTR_Gypsy_381	0.93998116	0.059752397	0.00026650875
ClassI_LTR_Gypsy_382	0.86571795	0.13426803	1.4072324e-05
ClassI_LTR_Gypsy_383	0.99989104	0.0001089425	1.6445456e-09
ClassI_LTR_Gypsy_384	1.0	2.4810656e-14	3.2177074e-18
ClassI_LTR_Gypsy_385	1.0	1.0421129e-11	2.77467e-09
ClassI_LTR_Gypsy_386	0.9999944	5.609815e-06	1.8968156e-12
ClassI_LTR_Gypsy_387	0.7244177	0.27558154	7.5053515e-07
ClassI_LTR_Gypsy_388	0.29803377	0.70190954	5.6642682e-05
ClassI_LTR_Gypsy_389	0.99999154	8.473994e-06	9.591057e-11
ClassI_LTR_Gypsy_390	1.0	1.5444848e-19	1.4660704e-26
ClassI_LTR_Gypsy_391	0.99999666	3.2798223e-06	4.8182955e-12
ClassI_LTR_Gypsy_392	0.99902356	0.0009764034	3.3609506e-09
ClassI_LTR_Gypsy_393	0.9999523	4.7657824e-05	4.5925623e-09
ClassI_LTR_Gypsy_394	1.0	2.6925012e-12	9.923098e-14
ClassI_LTR_Gypsy_395	0.9991435	0.0008565452	4.2096964e-08
ClassI_LTR_Gypsy_396	1.0	2.9979237e-14	1.0822914e-19
ClassI_LTR_Gypsy_397	1.0	1.3393846e-10	2.2507318e-17
ClassI_LTR_Gypsy_398	0.99999654	3.4385976e-06	3.6522623e-09
ClassI_LTR_Gypsy_399	0.94753534	0.052464634	1.1480735e-08
ClassI_LTR_Gypsy_400	0.9999292	7.018305e-05	6.0546876e-07
ClassI_LTR_Gypsy_401	0.99998975	1.0192572e-05	8.996691e-11
ClassI_LTR_Gypsy_402	0.9998698	0.00013019225	1.9475408e-09
ClassI_LTR_Gypsy_403	0.80104244	0.1988497	0.00010783131
ClassI_LTR_Gypsy_404	0.72845954	0.26448268	0.007057762
ClassI_LTR_Gypsy_405	0.8929091	0.10708907	1.8536579e-06
ClassI_LTR_Gypsy_406	1.0	5.6388155e-10	8.0021856e-17
ClassI_LTR_Gypsy_407	0.9544801	0.045519654	2.4335327e-07
ClassI_LTR_Gypsy_408	0.88972497	0.110274866	1.6681442e-07
ClassI_LTR_Gypsy_409	0.9047965	0.09520296	5.509256e-07
ClassI_LTR_Gypsy_410	0.73025054	0.26974937	9.816884e-08
ClassI_LTR_Gypsy_411	0.9953732	0.00462677	1.673658e-08
ClassI_LTR_Gypsy_412	1.0	7.582111e-14	1.5309989e-19
ClassI_LTR_Gypsy_413	0.97930896	0.020690328	6.910936e-07
ClassI_LTR_Gypsy_414	0.9999838	1.4785602e-05	1.4519666e-06
ClassI_LTR_Gypsy_415	1.0	2.7366304e-11	1.3092156e-15
ClassI_LTR_Gypsy_416	0.99999845	1.5758159e-06	2.3880637e-13
ClassI_LTR_Gypsy_417	1.0	3.6924805e-09	1.1398037e-14
ClassI_LTR_Gypsy_418	0.90620536	0.09043931	0.0033552998
ClassI_LTR_Gypsy_419	0.998904	0.0010958296	1.2571509e-07
ClassI_LTR_Gypsy_420	0.7301843	0.2693297	0.00048593813
ClassI_LTR_Gypsy_421	1.0	5.8612436e-08	6.5162387e-09
ClassI_LTR_Gypsy_422	0.99997437	2.5587487e-05	3.8462584e-14
ClassI_LTR_Gypsy_423	0.9999989	4.6782404e-11	1.1119096e-06
ClassI_LTR_Gypsy_424	0.18260762	0.8173906	1.7061358e-06
ClassI_LTR_Gypsy_425	1.0	2.7521775e-18	2.0384418e-21
ClassI_LTR_Gypsy_426	0.923091	0.07690869	3.6840044e-07
ClassI_LTR_Gypsy_427	0.9899318	0.0100681875	1.0288164e-08
ClassI_LTR_Gypsy_428	0.9894985	0.010501341	7.472862e-08
ClassI_LTR_Gypsy_429	1.0	2.9185023e-17	9.212689e-21
ClassI_LTR_Gypsy_430	0.96104	0.03895998	3.2592626e-09
ClassI_LTR_Gypsy_431	0.9872383	0.012761747	2.5630007e-09
ClassI_LTR_Gypsy_432	0.9688863	0.03108984	2.3786186e-05
ClassI_LTR_Gypsy_433	1.0	2.0182064e-08	2.346271e-11
ClassI_LTR_Gypsy_434	0.13632084	0.8635682	0.00011096992
ClassI_LTR_Gypsy_435	0.99999905	9.962257e-07	5.0008186e-10
ClassI_LTR_Gypsy_436	1.0	7.943097e-16	7.9029094e-21
ClassI_LTR_Gypsy_437	1.0	2.884588e-10	1.05791725e-13
ClassI_LTR_Gypsy_438	0.18521313	0.81478554	1.3573301e-06
ClassI_LTR_Gypsy_439	0.90985775	0.09014196	3.667763e-07
ClassI_LTR_Gypsy_440	1.0	3.061035e-08	5.6169433e-16
ClassI_LTR_Gypsy_441	0.71110636	0.2886505	0.0002430978
ClassI_LTR_Gypsy_442	0.9121419	0.08767546	0.00018262306
ClassI_LTR_Gypsy_443	0.004354821	0.8510436	0.14460158
ClassI_LTR_Gypsy_444	1.0	4.6171607e-14	1.5690036e-20
ClassI_LTR_Gypsy_445	1.0	7.96152e-10	1.1568838e-13
ClassI_LTR_Gypsy_446	1.0	1.9752111e-08	6.342826e-15
ClassI_LTR_Gypsy_447	0.9999902	9.40906e-06	3.6593136e-07
ClassI_LTR_Gypsy_448	0.9988166	0.0011833649	5.159249e-08
ClassI_LTR_Gypsy_449	0.99999547	1.0541601e-09	4.503875e-06
ClassI_LTR_Gypsy_450	1.0	1.4959696e-08	6.2569338e-12
ClassI_LTR_Gypsy_451	0.6337147	0.3660324	0.00025289282
ClassI_LTR_Gypsy_452	1.0	3.9969215e-08	4.0188707e-11
ClassI_LTR_Gypsy_453	0.9994179	0.0005814736	6.201875e-07
ClassI_LTR_Gypsy_454	1.0	5.7621577e-08	3.176479e-11
ClassI_LTR_Gypsy_455	1.0	7.286147e-12	5.1694606e-16
ClassI_LTR_Gypsy_456	0.999003	0.0009970323	4.8841464e-08
ClassI_LTR_Gypsy_457	1.0	1.1804511e-09	8.181257e-13
ClassI_LTR_Gypsy_458	1.0	6.3736176e-11	4.1178766e-13
ClassI_LTR_Gypsy_459	0.96211404	0.037807718	7.826363e-05
ClassI_LTR_Gypsy_460	0.832495	0.1674045	0.000100525365
ClassI_LTR_Gypsy_461	0.99982375	0.00017631256	1.4803571e-08
ClassI_LTR_Gypsy_462	0.828848	0.17115195	7.5603204e-08
ClassI_LTR_Gypsy_463	0.98192906	0.018060042	1.0843684e-05
ClassI_LTR_Gypsy_464	1.0	5.4630306e-19	1.5485309e-20
ClassI_LTR_Gypsy_465	0.999997	2.9221305e-06	4.6460657e-12
ClassI_LTR_Gypsy_466	0.19777179	0.8022265	1.6922229e-06
ClassI_LTR_Gypsy_467	0.9991867	0.0007572256	5.607891e-05
ClassI_LTR_Gypsy_468	0.0075661642	0.98557436	0.0068594553
ClassI_LTR_Gypsy_469	0.99999905	9.390017e-07	3.8804138e-13
ClassI_LTR_Gypsy_470	0.9983315	0.0016685813	1.924833e-08
ClassI_LTR_Gypsy_471	0.9145618	0.08543779	4.3720328e-07
ClassI_LTR_Gypsy_472	1.0	1.1189809e-09	4.3447638e-11
ClassI_LTR_Gypsy_473	0.9998246	0.00017542062	1.2855248e-08
ClassI_LTR_Gypsy_474	0.99999964	3.814341e-07	7.8529327e-13
ClassI_LTR_Gypsy_475	1.0	3.169817e-10	8.999614e-15
ClassI_LTR_Gypsy_476	0.99938035	0.0005258803	9.370222e-05
ClassI_LTR_Gypsy_477	0.77784044	0.22208895	7.059087e-05
ClassI_LTR_Gypsy_478	0.99947697	0.0005228812	1.3909995e-07
ClassI_LTR_Gypsy_479	0.9748887	0.025090035	2.1307691e-05
ClassI_LTR_Gypsy_480	1.0	2.287401e-21	1.7072586e-23
ClassI_LTR_Gypsy_481	0.9999994	6.3700054e-07	4.9776605e-09
ClassI_LTR_Gypsy_482	0.9999999	1.07096255e-07	1.1085439e-13
ClassI_LTR_Gypsy_483	0.9999999	9.0622066e-08	5.382013e-13
ClassI_LTR_Gypsy_484	0.99984384	0.0001561252	5.3338767e-11
ClassI_LTR_Gypsy_485	0.9955533	0.0044463812	2.4921462e-07
ClassI_LTR_Gypsy_486	0.99779236	0.0022074978	1.01498934e-07
ClassI_LTR_Gypsy_487	1.0	1.4861189e-11	1.3074036e-12
ClassI_LTR_Gypsy_488	0.005131251	0.99081695	0.004051838
ClassI_LTR_Gypsy_489	1.0	1.8059405e-19	1.7429417e-19
ClassI_LTR_Gypsy_490	0.9970618	0.0029381963	3.5108982e-10
ClassI_LTR_Gypsy_491	1.0	3.5573642e-08	1.3642532e-09
ClassI_LTR_Gypsy_492	0.9999895	1.04412175e-05	5.921588e-09
ClassI_LTR_Gypsy_493	1.0	5.1227767e-13	3.8343814e-10
ClassI_LTR_Gypsy_494	1.0	1.4413246e-11	2.0239137e-21
ClassI_LTR_Gypsy_495	0.99996984	3.0171555e-05	9.3215144e-11
ClassI_LTR_Gypsy_496	0.9999999	1.0048393e-07	4.250045e-08
ClassI_LTR_Gypsy_497	0.5286287	0.47136948	1.851762e-06
ClassI_LTR_Gypsy_498	1.0	1.8895044e-11	2.4261144e-16
ClassI_LTR_Gypsy_499	0.99999106	8.996254e-06	6.9872913e-10
ClassI_LTR_Gypsy_500	0.9999894	1.0573445e-05	1.3221166e-09
ClassI_LTR_Gypsy_501	0.006480992	0.99351716	1.8950532e-06
ClassI_LTR_Gypsy_502	1.0	1.3556318e-08	1.8261477e-12
ClassI_LTR_Gypsy_503	0.94099677	0.05900322	1.5565621e-09
ClassI_LTR_Gypsy_504	0.05860642	0.94139344	8.434576e-08
ClassI_LTR_Gypsy_505	0.9999969	2.9866148e-06	6.300291e-08
ClassI_LTR_Gypsy_506	0.99749076	0.0025038486	5.4055695e-06
ClassI_LTR_Gypsy_507	0.9997125	0.0002874405	3.430453e-13
ClassI_LTR_Gypsy_508	0.9999391	6.0954364e-05	4.360898e-10
ClassI_LTR_Gypsy_509	0.98448455	0.015515213	2.7209887e-07
ClassI_LTR_Gypsy_510	0.0037738832	0.9957975	0.0004287101
ClassI_LTR_Gypsy_511	0.99988294	0.00011708023	6.292306e-12
ClassI_LTR_Gypsy_512	1.0	3.600818e-10	2.1670287e-12
ClassI_LTR_Gypsy_513	1.0	2.2751934e-08	2.9811895e-13
ClassI_LTR_Gypsy_514	0.99984896	0.00015045967	5.932371e-07
ClassI_LTR_Gypsy_515	1.0	9.723752e-13	9.43151e-16
ClassI_LTR_Gypsy_516	0.00027682216	0.9997174	5.735418e-06
ClassI_LTR_Gypsy_517	1.0	6.0825195e-13	1.562763e-18
ClassI_LTR_Gypsy_518	1.0	8.89947e-14	3.1213647e-17
ClassI_LTR_Gypsy_519	1.0	5.0383782e-23	2.3280108e-27
ClassI_LTR_Gypsy_520	1.0	5.7945846e-11	7.330488e-16
ClassI_LTR_Gypsy_521	1.0	2.3603732e-08	2.1525982e-12
ClassI_LTR_Gypsy_522	1.0	1.8919595e-08	7.8306305e-14
ClassI_LTR_Gypsy_523	1.0	2.6061572e-10	1.7110454e-17
ClassI_LTR_Gypsy_524	0.21115822	0.78720313	0.0016386611
ClassI_LTR_Gypsy_525	0.9999753	2.4479543e-05	1.8535911e-07
ClassI_LTR_Gypsy_526	0.9173404	0.08265955	1.5232753e-07
ClassI_LTR_Gypsy_527	0.999014	0.0009821492	3.8425214e-06
ClassI_LTR_Gypsy_528	0.4403081	0.55966	3.1919222e-05
ClassI_LTR_Gypsy_529	1.0	1.2893248e-10	2.3599911e-15
ClassI_LTR_Gypsy_530	0.9996809	0.00030902447	1.0132464e-05
ClassI_LTR_Gypsy_531	0.9858505	0.01414324	6.268804e-06
ClassI_LTR_Gypsy_532	1.0	7.388966e-09	1.9169987e-11
ClassI_LTR_Gypsy_533	0.005128669	0.9943845	0.00048684105
ClassI_LTR_Gypsy_534	0.25001383	0.7465311	0.003455121
ClassI_LTR_Gypsy_535	1.0	1.073366e-10	5.589339e-12
ClassI_LTR_Gypsy_536	0.99999976	2.1724593e-07	6.2381583e-10
ClassI_LTR_Gypsy_537	0.8598863	0.13547179	0.004641922
ClassI_LTR_Gypsy_538	0.9999999	1.1749375e-07	3.4595846e-10
ClassI_LTR_Gypsy_539	1.0	1.4832883e-13	2.662423e-15
ClassI_LTR_Gypsy_540	0.99998033	4.094362e-06	1.5562315e-05
ClassI_LTR_Gypsy_541	1.0	5.459912e-09	1.1509464e-12
ClassI_LTR_Gypsy_542	1.0	2.2058059e-13	6.704962e-14
ClassI_LTR_Gypsy_543	0.9023355	0.09766248	2.0893012e-06
ClassI_LTR_Gypsy_544	1.0	1.9079888e-22	3.5205326e-25
ClassI_LTR_Gypsy_545	0.99999976	2.1817297e-07	8.616885e-09
ClassI_LTR_Gypsy_546	0.7423945	0.25760484	6.8807674e-07
ClassI_LTR_Gypsy_547	0.9999043	9.572359e-05	4.028053e-12
ClassI_LTR_Gypsy_548	0.9999796	2.043489e-05	5.17034e-09
ClassI_LTR_Gypsy_549	0.027827883	0.97173846	0.00043366523
ClassI_LTR_Gypsy_550	0.99654406	0.0034559516	4.155243e-09
ClassI_LTR_Gypsy_551	0.069907494	0.9295256	0.0005669426
ClassI_LTR_Gypsy_552	1.0	2.4060298e-10	4.0009388e-13
ClassI_LTR_Gypsy_553	0.97148097	0.028446142	7.2814e-05
ClassI_LTR_Gypsy_554	0.99662113	0.0033783328	4.5642253e-07
ClassI_LTR_Gypsy_555	0.99999654	3.42948e-06	4.391425e-13
ClassI_LTR_Gypsy_556	0.9998159	0.00017876466	5.4125762e-06
ClassI_LTR_Gypsy_557	0.89843774	0.10152932	3.2994732e-05
ClassI_LTR_Gypsy_558	1.0	4.8965717e-15	1.247567e-15
ClassI_LTR_Gypsy_559	0.99228877	0.0076933578	1.7825094e-05
ClassI_LTR_Gypsy_560	1.0	1.0578266e-09	1.4083008e-16
ClassI_LTR_Gypsy_561	0.9620924	0.037794773	0.00011269935
ClassI_LTR_Gypsy_562	1.0	7.440781e-10	2.2754386e-10
ClassI_LTR_Gypsy_563	0.96563196	0.03436784	2.791542e-07
ClassI_LTR_Gypsy_564	0.9975768	0.002412557	1.0659871e-05
ClassI_LTR_Gypsy_565	0.96242833	0.03757096	6.64587e-07
ClassI_LTR_Gypsy_566	0.9993389	0.00066107215	5.464114e-09
ClassI_LTR_Gypsy_567	1.0	2.848345e-14	5.9012222e-12
ClassI_LTR_Gypsy_568	0.9977876	0.0022123673	8.594708e-09
ClassI_LTR_Gypsy_569	0.16629252	0.8336974	1.0110336e-05
ClassI_LTR_Gypsy_570	0.2843922	0.71540797	0.00019982534
ClassI_LTR_Gypsy_571	1.0	6.3887042e-09	2.5035516e-13
ClassI_LTR_Gypsy_572	0.85493207	0.1450124	5.556674e-05
ClassI_LTR_Gypsy_573	0.9940001	0.0059999465	9.151359e-09
ClassI_LTR_Gypsy_574	0.9999937	2.2883073e-06	4.106449e-06
ClassI_LTR_Gypsy_575	0.7830689	0.21693109	3.920051e-08
ClassI_LTR_Gypsy_576	0.96896464	0.03101724	1.8105464e-05
ClassI_LTR_Gypsy_577	0.9995529	0.0004426676	4.3880527e-06
ClassI_LTR_Gypsy_578	0.9998117	0.00018828761	1.2330667e-10
ClassI_LTR_Gypsy_579	1.0	2.87157e-08	6.9502325e-13
ClassI_LTR_Gypsy_580	1.0	3.0701388e-12	1.2999822e-14
ClassI_LTR_Gypsy_581	0.95907784	0.040864356	5.775829e-05
ClassI_LTR_Gypsy_582	0.99999607	3.954103e-06	3.4601374e-11
ClassI_LTR_Gypsy_583	0.99190134	4.1345837e-05	0.008057258
ClassI_LTR_Gypsy_584	0.99646497	0.0035334823	1.4962889e-06
ClassI_LTR_Gypsy_585	0.09006026	0.9099204	1.9331243e-05
ClassI_LTR_Gypsy_586	0.99999905	9.0201183e-07	5.543561e-09
ClassI_LTR_Gypsy_587	0.99999726	2.7460494e-06	4.7041926e-10
ClassI_LTR_Gypsy_588	1.0	2.2031233e-13	1.5062628e-19
ClassI_LTR_Gypsy_589	1.0	3.991653e-14	3.926224e-14
ClassI_LTR_Gypsy_590	0.03407743	0.9658812	4.128216e-05
ClassI_LTR_Gypsy_591	1.0	3.9742317e-11	5.910101e-11
ClassI_LTR_Gypsy_592	0.944281	0.055680484	3.851762e-05
ClassI_LTR_Gypsy_593	0.76161087	0.23836157	2.7641752e-05
ClassI_LTR_Gypsy_594	1.0	2.4857633e-11	6.4192374e-10
ClassI_LTR_Gypsy_595	0.6579465	0.34168103	0.00037251343
ClassI_LTR_Gypsy_596	0.99737847	0.0026214756	1.3296346e-07
ClassI_LTR_Gypsy_597	0.9480654	0.051883895	5.061182e-05
ClassI_LTR_Gypsy_598	0.943255	0.05674449	5.848525e-07
ClassI_LTR_Gypsy_599	0.95276946	0.04722906	1.4278406e-06
ClassI_LTR_Gypsy_600	0.99999964	3.185907e-07	7.15847e-10
ClassI_LTR_Gypsy_601	0.9999999	9.87048e-08	7.5027896e-13
ClassI_LTR_Gypsy_602	0.99462306	0.00537696	5.2021058e-08
ClassI_LTR_Gypsy_603	1.0	7.388419e-12	4.4178973e-16
ClassI_LTR_Gypsy_604	1.0	6.460945e-16	3.2478608e-17
ClassI_LTR_Gypsy_605	0.54351836	0.45635554	0.00012610789
ClassI_LTR_Gypsy_606	0.99940157	0.00059843203	1.9182914e-10
ClassI_LTR_Gypsy_607	1.0	2.0712465e-09	1.907864e-12
ClassI_LTR_Gypsy_608	0.99188364	0.008116258	1.2494301e-07
ClassI_LTR_Gypsy_609	1.0	6.4478445e-09	3.8332698e-10
ClassI_LTR_Gypsy_610	0.9999516	4.7925147e-05	4.626121e-07
ClassI_LTR_Gypsy_611	0.9997403	0.00025946848	2.065025e-07
ClassI_LTR_Gypsy_612	1.0	2.0596586e-18	1.6412577e-18
ClassI_LTR_Gypsy_613	0.9998276	0.00017235547	9.852844e-09
ClassI_LTR_Gypsy_614	1.0	1.7058126e-09	4.470697e-13
ClassI_LTR_Gypsy_615	1.0	4.519572e-11	1.6964879e-16
ClassI_LTR_Gypsy_616	0.99979645	0.0002035331	2.2655195e-09
ClassI_LTR_Gypsy_617	1.0	5.7422117e-08	2.4139116e-15
ClassI_LTR_Gypsy_618	1.0	1.0281221e-09	1.01717564e-13
ClassI_LTR_Gypsy_619	1.0	3.387563e-17	1.3078354e-19
ClassI_LTR_Gypsy_620	1.0	2.9902292e-08	9.820117e-12
ClassI_LTR_Gypsy_621	0.98917246	0.010827402	1.0698057e-07
ClassI_LTR_Gypsy_622	0.8235857	0.17640574	8.497189e-06
ClassI_LTR_Gypsy_623	0.9956209	0.004338691	4.0324816e-05
ClassI_LTR_Gypsy_624	0.9569406	0.042718027	0.00034142003
ClassI_LTR_Gypsy_625	1.0	7.393712e-14	1.32984164e-17
ClassI_LTR_Gypsy_626	0.9999995	5.2400594e-07	2.3947668e-13
ClassI_LTR_Gypsy_627	0.9821958	0.017804222	3.46902e-08
ClassI_LTR_Gypsy_628	0.7442994	0.25569952	1.0543646e-06
ClassI_LTR_Gypsy_629	1.0	5.992458e-13	5.9037574e-15
ClassI_LTR_Gypsy_630	1.0	2.8825171e-12	2.520443e-15
ClassI_LTR_Gypsy_631	0.99996316	3.6855727e-05	6.1117145e-10
ClassI_LTR_Gypsy_632	0.000709705	0.99874926	0.0005409995
ClassI_LTR_Gypsy_633	1.0	4.540217e-13	4.295638e-14
ClassI_LTR_Gypsy_634	0.5705581	0.4293846	5.74022e-05
ClassI_LTR_Gypsy_635	0.9771559	0.022844035	8.589782e-09
ClassI_LTR_Gypsy_636	1.0	9.977156e-20	6.4273878e-24
ClassI_LTR_Gypsy_637	1.0	3.9498171e-10	2.4015238e-13
ClassI_LTR_Gypsy_638	1.0	2.237552e-10	4.2210142e-14
ClassI_LTR_Gypsy_639	1.0	5.356481e-10	2.8665866e-18
ClassI_LTR_Gypsy_640	0.22630803	0.73331535	0.040376525
ClassI_LTR_Gypsy_641	1.0	1.2101041e-11	6.0799824e-12
ClassI_LTR_Gypsy_642	1.0	3.7019153e-13	3.3807654e-10
ClassI_LTR_Gypsy_643	1.0	1.2651411e-15	5.587584e-22
ClassI_LTR_Gypsy_644	0.99251646	0.007483602	2.4912099e-08
ClassI_LTR_Gypsy_645	0.8905924	0.10940744	2.080107e-07
ClassI_LTR_Gypsy_646	1.0	2.9597817e-11	1.2287333e-12
ClassI_LTR_Gypsy_647	0.9999846	1.5390362e-05	1.796864e-10
ClassI_LTR_Gypsy_648	1.0	1.1373758e-14	6.230709e-16
ClassI_LTR_Gypsy_649	0.9992836	0.000716415	1.4114325e-11
ClassI_LTR_Gypsy_650	0.99540484	0.0045951065	1.7251247e-07
ClassI_LTR_Gypsy_651	0.9999578	4.2165102e-05	4.9637886e-14
ClassI_LTR_Gypsy_652	0.9892687	0.010731213	8.807606e-08
ClassI_LTR_Gypsy_653	0.99999774	2.2144864e-06	8.410775e-09
ClassI_LTR_Gypsy_654	0.99999666	3.327414e-06	3.154028e-11
ClassI_LTR_Gypsy_655	0.9894872	0.010512714	1.70362e-07
ClassI_LTR_Gypsy_656	0.99999976	2.1786857e-07	1.2170201e-11
ClassI_LTR_Gypsy_657	0.97761494	0.022384733	3.152192e-07
ClassI_LTR_Gypsy_658	0.0045142365	0.99522036	0.00026536803
ClassI_LTR_Gypsy_659	0.9999976	2.4124831e-06	2.0151693e-13
ClassI_LTR_Gypsy_660	0.99975187	0.00024817357	1.2160427e-08
ClassI_LTR_Gypsy_661	0.9955753	0.004424669	1.5317115e-08
ClassI_LTR_Gypsy_662	0.70670676	0.2911137	0.002179529
ClassI_LTR_Gypsy_663	0.99999976	1.9426908e-07	9.123805e-09
ClassI_LTR_Gypsy_664	1.0774189e-05	0.9999887	6.394326e-07
ClassI_LTR_Gypsy_665	0.9999368	6.3221305e-05	2.0822358e-11
ClassI_LTR_Gypsy_666	0.99903905	0.00096095924	4.10888e-08
ClassI_LTR_Gypsy_667	0.99999917	8.444568e-07	1.0226242e-08
ClassI_LTR_Gypsy_668	1.0	4.2531065e-10	1.5925045e-10
ClassI_LTR_Gypsy_669	0.9912956	0.008624615	7.976762e-05
ClassI_LTR_Gypsy_670	1.0	4.9705146e-11	1.1568595e-17
ClassI_LTR_Gypsy_671	0.9999931	6.937859e-06	2.2252516e-08
ClassI_LTR_Gypsy_672	1.0	1.5365802e-12	1.7828612e-13
ClassI_LTR_Gypsy_673	0.99999654	3.4040218e-06	1.1677608e-09
ClassI_LTR_Gypsy_674	1.0	9.857668e-12	2.1038774e-15
ClassI_LTR_Gypsy_675	0.23687622	0.7611377	0.0019860386
ClassI_LTR_Gypsy_676	1.0	1.6401627e-10	4.2776449e-13
ClassI_LTR_Gypsy_677	1.0	2.4511508e-21	4.1951057e-29
ClassI_LTR_Gypsy_678	0.9999968	3.246212e-06	6.3681625e-12
ClassI_LTR_Gypsy_679	0.1644371	0.83555967	3.1881336e-06
ClassI_LTR_Gypsy_680	1.0	7.1895953e-12	3.0490452e-18
ClassI_LTR_Gypsy_681	0.99999464	5.418249e-06	8.096379e-09
ClassI_LTR_Gypsy_682	1.0	1.0637244e-09	1.0599538e-12
ClassI_LTR_Gypsy_683	0.9997938	0.00020619802	2.2217571e-10
ClassI_LTR_Gypsy_684	1.0	3.802217e-12	8.506711e-12
ClassI_LTR_Gypsy_685	0.9991235	0.000876524	3.0463704e-12
ClassI_LTR_Gypsy_686	0.99998724	1.2781439e-05	6.297117e-12
ClassI_LTR_Gypsy_687	0.009303507	0.98877627	0.0019202937
ClassI_LTR_Gypsy_688	0.0014036759	0.9985952	1.1615598e-06
ClassI_LTR_Gypsy_689	0.99998295	1.7099648e-05	2.4014212e-11
ClassI_LTR_Gypsy_690	0.9998939	0.000106093874	8.922793e-11
ClassI_LTR_Gypsy_691	0.999814	0.0001860215	2.384266e-12
ClassI_LTR_Gypsy_692	0.9964671	0.0035328362	1.6960221e-10
ClassI_LTR_Gypsy_693	1.0	1.1352182e-12	1.5782688e-09
ClassI_LTR_Gypsy_694	0.30036658	0.6996331	3.4120646e-07
ClassI_LTR_Gypsy_695	1.0	2.369009e-09	4.3940984e-12
ClassI_LTR_Gypsy_696	0.99984837	0.00015158067	4.1450303e-08
ClassI_LTR_Gypsy_697	1.0	4.6329472e-12	2.5386416e-15
ClassI_LTR_Gypsy_698	1.0	6.4676484e-17	2.580495e-18
ClassI_LTR_Gypsy_699	0.8868056	0.111704074	0.001490397
ClassI_LTR_Gypsy_700	1.0	3.0763976e-13	8.704369e-13
ClassI_LTR_Gypsy_701	0.9996214	0.00037837785	2.033117e-07
ClassI_LTR_Gypsy_702	0.999008	0.00094039564	5.17135e-05
ClassI_LTR_Gypsy_703	0.9949527	0.0050474037	4.7057696e-09
ClassI_LTR_Gypsy_704	0.82055855	0.17944144	7.158853e-09
ClassI_LTR_Gypsy_705	0.25426698	0.74485433	0.0008786892
ClassI_LTR_Gypsy_706	0.99236476	0.007629469	5.815904e-06
ClassI_LTR_Gypsy_707	0.9996507	0.0003492714	7.436522e-10
ClassI_LTR_Gypsy_708	1.0	5.971646e-13	1.1873322e-19
ClassI_LTR_Gypsy_709	1.0	5.935057e-14	3.948748e-21
ClassI_LTR_Gypsy_710	0.99889356	0.0011063794	8.670483e-08
ClassI_LTR_Gypsy_711	0.011591727	0.98840815	7.098439e-08
ClassI_LTR_Gypsy_712	1.0	5.226882e-10	4.6609174e-13
ClassI_LTR_Gypsy_713	0.004530322	0.991281	0.004188804
ClassI_LTR_Gypsy_714	1.0	3.9430893e-13	1.674336e-12
ClassI_LTR_Gypsy_715	0.75456506	0.24535608	7.876808e-05
ClassI_LTR_Gypsy_716	1.0	2.1854357e-10	2.9839144e-13
ClassI_LTR_Gypsy_717	0.21195057	0.7879992	5.0183942e-05
ClassI_LTR_Gypsy_718	0.36467606	0.6350616	0.00026223372
ClassI_LTR_Gypsy_719	0.26602122	0.7337452	0.00023352732
ClassI_LTR_Gypsy_720	1.0	2.6886525e-08	2.0579135e-12
ClassI_LTR_Gypsy_721	0.99995685	4.317391e-05	4.60596e-13
ClassI_LTR_Gypsy_722	0.62131053	0.37788883	0.0008006366
ClassI_LTR_Gypsy_723	1.0	2.346495e-18	3.859582e-23
ClassI_LTR_Gypsy_724	1.0	1.819785e-08	5.274482e-14
ClassI_LTR_Gypsy_725	1.0	1.322577e-13	6.818639e-20
ClassI_LTR_Gypsy_726	1.0	4.8366815e-08	1.7595219e-12
ClassI_LTR_Gypsy_727	0.9999999	1.3526646e-07	9.0893576e-10
ClassI_LTR_Gypsy_728	0.9899039	0.010093395	2.737717e-06
ClassI_LTR_Gypsy_729	1.0	5.3349227e-15	1.0865155e-18
ClassI_LTR_Gypsy_730	1.0	5.327069e-09	4.964493e-13
ClassI_LTR_Gypsy_731	0.97349316	0.02650689	2.9097073e-08
ClassI_LTR_Gypsy_732	1.0	7.965002e-09	3.976239e-12
ClassI_LTR_Gypsy_733	0.9699435	0.03005389	2.5368918e-06
ClassI_LTR_Gypsy_734	0.9997509	0.00024905888	4.496628e-10
ClassI_LTR_Gypsy_735	0.9996208	0.0003787027	4.5648622e-07
ClassI_LTR_Gypsy_736	0.020072859	0.9796342	0.00029290657
ClassI_LTR_Gypsy_737	0.9998248	0.00014480963	3.0418923e-05
ClassI_LTR_Gypsy_738	0.9998983	0.00010171855	2.867579e-15
ClassI_LTR_Gypsy_739	0.1901032	0.80983317	6.375729e-05
ClassI_LTR_Gypsy_740	1.0	6.3524097e-09	1.0238961e-11
ClassI_LTR_Gypsy_741	0.66125506	0.3362866	0.0024584248
ClassI_LTR_Gypsy_742	0.9322739	0.06771319	1.2921934e-05
ClassI_LTR_Gypsy_743	1.0	2.7560179e-14	3.2894425e-18
ClassI_LTR_Gypsy_744	1.0	1.3816094e-09	2.8659025e-11
ClassI_LTR_Gypsy_745	0.983336	0.016657112	6.9200337e-06
ClassI_LTR_Gypsy_746	0.99761426	0.0023848168	9.620192e-07
ClassI_LTR_Gypsy_747	1.0	2.6210163e-11	2.9912458e-11
ClassI_LTR_Gypsy_748	1.0	1.946075e-09	9.887966e-12
ClassI_LTR_Gypsy_749	1.0	7.447791e-11	2.8426233e-15
ClassI_LTR_Gypsy_750	1.0	1.3330838e-22	8.498056e-26
ClassI_LTR_Gypsy_751	0.997673	0.00221562	0.00011148254
ClassI_LTR_Gypsy_752	0.99998784	1.217123e-05	2.637624e-15
ClassI_LTR_Gypsy_753	1.0	3.5768224e-08	9.9337934e-11
ClassI_LTR_Gypsy_754	1.0	2.1134096e-11	2.6481294e-16
ClassI_LTR_Gypsy_755	1.0	1.6609382e-09	1.2815397e-11
ClassI_LTR_Gypsy_756	1.0	2.393987e-13	6.9513056e-17
ClassI_LTR_Gypsy_757	0.9986193	0.0013800535	5.7532066e-07
ClassI_LTR_Gypsy_758	0.98589116	0.014062164	4.6679223e-05
ClassI_LTR_Gypsy_759	1.0	7.9081587e-13	1.7348395e-11
ClassI_LTR_Gypsy_760	0.011312261	0.98868257	5.2219557e-06
ClassI_LTR_Gypsy_761	0.62910515	0.36930698	0.0015877775
ClassI_LTR_Gypsy_762	0.98675364	0.0132460445	2.0489799e-07
ClassI_LTR_Gypsy_763	0.9999933	6.653857e-06	1.3268414e-12
ClassI_LTR_Gypsy_764	0.99999917	8.2434366e-07	1.38327865e-11
ClassI_LTR_Gypsy_765	0.61458695	0.3854118	1.2708839e-06
ClassI_LTR_Gypsy_766	0.9979234	0.0020606827	1.5952983e-05
ClassI_LTR_Gypsy_767	0.99569523	0.004302929	1.7519762e-06
ClassI_LTR_Gypsy_768	0.9983494	0.001650611	4.5697142e-08
ClassI_LTR_Gypsy_769	0.9974897	0.0022988145	0.00021153498
ClassI_LTR_Gypsy_770	0.99411064	0.005882809	6.4720307e-06
ClassI_LTR_Gypsy_771	1.0	1.0176706e-09	3.8848206e-11
ClassI_LTR_Gypsy_772	0.013022157	0.9866889	0.00028896812
ClassI_LTR_Gypsy_773	1.0	3.824645e-10	8.750358e-14
ClassI_LTR_Gypsy_774	0.009597298	0.9904027	3.8052274e-08
ClassI_LTR_Gypsy_775	1.0	9.948166e-11	2.3432172e-14
ClassI_LTR_Gypsy_776	1.0	4.232354e-08	4.2672384e-13
ClassI_LTR_Gypsy_777	0.99999464	5.348454e-06	1.7955132e-12
ClassI_LTR_Gypsy_778	1.0	1.8718675e-10	8.507347e-15
ClassI_LTR_Gypsy_779	0.9440555	0.055943318	1.2220165e-06
ClassI_LTR_Gypsy_780	1.0	1.1103873e-24	2.023762e-26
ClassI_LTR_Gypsy_781	1.0	1.5407684e-08	1.924519e-12
ClassI_LTR_Gypsy_782	0.9888009	0.011045419	0.00015375255
ClassI_LTR_Gypsy_783	0.9998056	0.00019441494	8.305056e-09
ClassI_LTR_Gypsy_784	0.9949397	0.005060274	9.474196e-11
ClassI_LTR_Gypsy_785	0.9707118	0.029278	1.0137578e-05
ClassI_LTR_Gypsy_786	0.99999976	1.9020041e-07	8.240022e-11
ClassI_LTR_Gypsy_787	0.9830481	0.016949624	2.2703757e-06
ClassI_LTR_Gypsy_788	1.0	1.0069426e-10	1.7150547e-13
ClassI_LTR_Gypsy_789	1.0	9.997031e-11	9.9659494e-17
ClassI_LTR_Gypsy_790	0.090581454	0.83571166	0.07370682
ClassI_LTR_Gypsy_791	0.5392013	0.44696853	0.01383011
ClassI_LTR_Gypsy_792	0.9999887	1.1267019e-05	3.4863867e-10
ClassI_LTR_Gypsy_793	1.0	9.96983e-09	3.402784e-08
ClassI_LTR_Gypsy_794	0.011525886	0.98824525	0.00022888243
ClassI_LTR_Gypsy_795	0.99998164	1.8314331e-05	9.300392e-13
ClassI_LTR_Gypsy_796	0.99996006	3.9934992e-05	1.3381227e-11
ClassI_LTR_Gypsy_797	0.99999964	3.8336634e-10	3.6574082e-07
ClassI_LTR_Gypsy_798	1.0	5.068332e-09	2.0956e-18
ClassI_LTR_Gypsy_799	1.0	7.4496306e-13	3.5676524e-15
ClassI_LTR_Gypsy_800	1.0	1.38773255e-11	9.2274e-19
ClassI_LTR_Gypsy_801	1.0	1.3037673e-09	4.718308e-12
ClassI_LTR_Gypsy_802	1.0	2.3156929e-10	1.217728e-12
ClassI_LTR_Gypsy_803	0.99999976	2.5086806e-07	4.648487e-13
ClassI_LTR_Gypsy_804	0.99972576	0.00027416696	1.5692344e-09
ClassI_LTR_Gypsy_805	1.0	3.5967884e-10	3.2250688e-14
ClassI_LTR_Gypsy_806	0.65970844	0.34009627	0.00019523392
ClassI_LTR_Gypsy_807	0.98162085	0.018378545	5.633142e-07
ClassI_LTR_Gypsy_808	1.0	9.3027785e-21	8.775484e-24
ClassI_LTR_Gypsy_809	1.0	7.0609954e-15	3.2336513e-20
ClassI_LTR_Gypsy_810	1.0	8.033517e-14	1.5298196e-19
ClassI_LTR_Gypsy_811	0.793922	0.2056663	0.00041156815
ClassI_LTR_Gypsy_812	1.0	3.1702321e-15	1.0012352e-18
ClassI_LTR_Gypsy_813	0.99979585	0.00020394879	2.575931e-07
ClassI_LTR_Gypsy_814	0.99999976	2.545131e-07	6.0054496e-11
ClassI_LTR_Gypsy_815	0.8087783	0.19121584	5.900071e-06
ClassI_LTR_Gypsy_816	0.7545532	0.24544661	1.5046339e-07
ClassI_LTR_Gypsy_817	0.99999225	7.746425e-06	7.6283996e-10
ClassI_LTR_Gypsy_818	0.8256132	0.17438638	3.7341383e-07
ClassI_LTR_Gypsy_819	1.0	1.3935314e-10	9.319963e-15
ClassI_LTR_Gypsy_820	1.0	2.4617971e-20	1.2173643e-33
ClassI_LTR_Gypsy_821	1.0	2.0891932e-08	9.7820606e-11
ClassI_LTR_Gypsy_822	0.96853507	0.031464472	4.066843e-07
ClassI_LTR_Gypsy_823	1.0	3.2043795e-11	1.1409049e-13
ClassI_LTR_Gypsy_824	0.99999094	9.033471e-06	7.295593e-12
ClassI_LTR_Gypsy_825	6.6055545e-05	0.99993396	1.3176492e-11
ClassI_LTR_Gypsy_826	0.47979346	0.52020526	1.3114862e-06
ClassI_LTR_Gypsy_827	0.9705016	0.029497983	4.064454e-07
ClassI_LTR_Gypsy_828	0.9999778	2.2130374e-05	2.288262e-10
ClassI_LTR_Gypsy_829	0.97408617	0.02590069	1.3083289e-05
ClassI_LTR_Gypsy_830	0.9999901	9.886739e-06	2.1197422e-08
ClassI_LTR_Gypsy_831	0.4774486	0.52255136	3.951879e-09
ClassI_LTR_Gypsy_832	0.99575126	0.0042485544	6.67461e-08
ClassI_LTR_Gypsy_833	1.0	5.802277e-24	3.0447835e-23
ClassI_LTR_Gypsy_834	1.0	6.3022987e-10	8.634436e-14
ClassI_LTR_Gypsy_835	0.8434949	0.15628392	0.00022124774
ClassI_LTR_Gypsy_836	1.0	3.187458e-11	1.5853992e-19
ClassII_DNA_TcMar_837	1.3141263e-05	0.999985	1.8514404e-06
ClassII_DNA_TcMar_838	1.7094317e-08	0.99999976	2.3486817e-07
ClassII_DNA_TcMar_839	0.00070093427	0.99929726	1.7362886e-06
ClassII_DNA_TcMar_840	3.2049895e-05	0.99996793	1.2161658e-09
ClassII_DNA_TcMar_841	0.00027024397	0.99971884	1.0815915e-05
ClassII_DNA_TcMar_842	0.017166894	0.9828173	1.5835218e-05
ClassII_DNA_TcMar_843	0.03280054	0.96719944	2.4379702e-08
ClassII_DNA_TcMar_844	2.6755415e-05	0.99997294	3.8602747e-07
ClassII_DNA_TcMar_845	0.0022812907	0.9977187	3.1370558e-08
ClassII_DNA_TcMar_846	0.00030049018	0.9996582	4.1275165e-05
ClassII_DNA_TcMar_847	0.0002949222	0.9997049	1.7710103e-07
ClassII_DNA_TcMar_848	2.5001535e-05	0.9999747	2.6451445e-07
ClassII_DNA_TcMar_849	2.0472598e-07	0.9999931	6.711001e-06
ClassII_DNA_TcMar_850	0.0045125843	0.9954873	1.05260014e-07
ClassII_DNA_TcMar_851	8.6197406e-07	0.99999917	5.581241e-11
ClassII_DNA_TcMar_852	0.00019018781	0.9996803	0.00012948635
ClassII_DNA_TcMar_853	3.494137e-06	0.99999654	7.925543e-09
ClassII_DNA_TcMar_854	0.0012678287	0.99873215	1.2956367e-08
ClassII_DNA_TcMar_855	0.009404746	0.99059427	9.034019e-07
ClassII_DNA_TcMar_856	2.1174312e-06	0.99999785	5.518081e-12
ClassII_DNA_TcMar_857	1.4078761e-05	0.9999589	2.705581e-05
ClassII_DNA_TcMar_858	3.6011434e-07	0.9999993	3.674426e-07
ClassII_DNA_TcMar_859	0.00012887167	0.99987054	6.035953e-07
ClassII_DNA_TcMar_860	4.2328877e-05	0.9999577	8.999291e-10
ClassII_DNA_TcMar_861	4.758645e-07	0.99998903	1.0453257e-05
ClassII_DNA_TcMar_862	0.059461188	0.9405386	2.2616881e-07
ClassII_DNA_TcMar_863	0.0005692853	0.9994252	5.598805e-06
ClassII_DNA_TcMar_864	8.3128464e-07	0.99999917	2.1730526e-09
ClassII_DNA_TcMar_865	0.0003380341	0.99965215	9.796679e-06
ClassII_DNA_TcMar_866	0.099250786	0.9007467	2.5080558e-06
ClassII_DNA_TcMar_867	0.11607061	0.8839274	2.009965e-06
ClassII_DNA_TcMar_868	0.0021872516	0.99689317	0.00091953116
ClassII_DNA_TcMar_869	0.00016467317	0.999835	2.8442213e-07
ClassII_DNA_TcMar_870	0.0033994482	0.9963678	0.00023265387
ClassII_DNA_TcMar_871	4.6590172e-05	0.9999534	1.8409466e-08
ClassII_DNA_TcMar_872	6.459908e-09	1.0	8.78018e-11
ClassII_DNA_TcMar_873	0.00021552191	0.99974984	3.4710305e-05
ClassII_DNA_TcMar_874	0.0002664055	0.9997336	1.0330113e-09
ClassII_DNA_TcMar_875	4.6020587e-06	0.9999727	2.2678649e-05
ClassII_DNA_TcMar_876	0.00077631004	0.9992237	4.389645e-10
ClassII_DNA_TcMar_877	1.6018331e-06	0.99999845	2.5042226e-08
ClassII_DNA_TcMar_878	0.0004364867	0.99956316	3.2618513e-07
ClassII_DNA_TcMar_879	0.006058928	0.9939376	3.449793e-06
ClassII_DNA_TcMar_880	0.014360999	0.98563904	2.4937078e-08
ClassII_DNA_TcMar_881	0.0005007259	0.9994387	6.057671e-05
ClassII_DNA_TcMar_882	0.00023693404	0.9997625	5.713705e-07
ClassII_DNA_TcMar_883	0.0003269589	0.99967265	3.947506e-07
ClassII_DNA_TcMar_884	0.00041015501	0.99958676	3.067317e-06
ClassII_DNA_TcMar_885	0.0009867287	0.9990133	1.5986449e-09
ClassII_DNA_TcMar_886	0.006094874	0.99338186	0.0005232942
ClassII_DNA_TcMar_887	2.9691862e-06	0.99999595	1.0312461e-06
ClassII_DNA_TcMar_888	3.199206e-08	1.0	3.3157154e-11
ClassII_DNA_TcMar_889	0.00072278775	0.99916327	0.00011397544
ClassII_DNA_TcMar_890	2.0687105e-05	0.99997926	5.019627e-08
ClassII_DNA_hAT_891	0.000109255154	0.99987197	1.8765082e-05
ClassII_DNA_hAT_892	8.454024e-05	0.9996182	0.00029735183
ClassII_DNA_hAT_893	1.3163375e-05	0.9999869	2.8543734e-09
ClassII_DNA_hAT_894	0.1743357	0.82560515	5.9105496e-05
ClassII_DNA_hAT_895	1.1460932e-06	0.999998	8.909853e-07
ClassII_DNA_hAT_896	0.002848561	0.99699724	0.00015424985
ClassII_DNA_hAT_897	0.0038548426	0.9961008	4.441877e-05
ClassII_DNA_hAT_898	1.3346175e-05	0.99998534	1.3246438e-06
ClassII_DNA_hAT_899	9.50016e-05	0.99990165	3.3871133e-06
ClassII_DNA_hAT_900	0.0055208006	0.99447757	1.6217895e-06
ClassII_DNA_hAT_901	1.6836757e-18	1.0	6.191453e-11
ClassII_DNA_hAT_902	0.0016254854	0.9975969	0.0007776649
ClassII_DNA_hAT_903	0.014978131	0.984815	0.00020686838
ClassII_DNA_hAT_904	3.088196e-05	0.999969	1.5337694e-07
ClassII_DNA_hAT_905	8.340278e-05	0.99991477	1.8025534e-06
ClassII_DNA_hAT_906	4.3050917e-27	1.0	6.342358e-25
ClassII_DNA_hAT_907	8.255483e-06	0.9999913	5.2900157e-07
ClassII_DNA_hAT_908	0.0021651662	0.99427915	0.0035556995
ClassII_DNA_hAT_909	1.12946545e-05	0.99998856	7.9774125e-08
ClassII_DNA_hAT_910	6.455809e-06	0.9994135	0.00058005867
ClassII_DNA_hAT_911	6.4690794e-06	0.99997425	1.9314117e-05
ClassII_DNA_hAT_912	0.004886095	0.99511355	3.3970386e-07
ClassII_DNA_hAT_913	1.7949541e-16	1.0	7.046913e-10
ClassII_DNA_hAT_914	0.00041536905	0.9995766	8.039735e-06
ClassII_DNA_hAT_915	0.0018087797	0.9919367	0.006254655
ClassII_DNA_hAT_916	0.00032338093	0.99967647	7.0877824e-08
ClassII_DNA_hAT_917	0.004334555	0.61748207	0.37818336
ClassII_DNA_hAT_918	2.1741831e-08	1.0	5.6977777e-11
ClassII_DNA_hAT_919	0.00017030965	0.9998287	9.726325e-07
ClassII_DNA_hAT_920	2.9496716e-06	0.99998987	7.1992463e-06
ClassII_DNA_hAT_921	0.00555745	0.98082995	0.013612612
ClassII_DNA_hAT_922	1.2407036e-06	0.9999987	1.2092018e-07
ClassII_DNA_hAT_923	0.00023277951	0.9997669	3.8013908e-07
ClassII_DNA_hAT_924	0.0018092946	0.9981888	1.8622794e-06
ClassII_DNA_hAT_925	6.9295206e-06	0.9999931	3.4802064e-12
ClassII_DNA_hAT_926	3.8843962e-05	0.99996114	5.8577076e-08
ClassII_DNA_hAT_927	0.005988804	0.99400616	5.0329286e-06
ClassII_DNA_hAT_928	0.00048128396	0.99951875	2.6985956e-09
ClassII_DNA_hAT_929	0.053349208	0.9447483	0.001902566
ClassII_DNA_hAT_930	2.5292788e-05	0.9999745	1.9167123e-07
ClassII_DNA_hAT_931	0.00014034838	0.9998597	6.4762934e-10
ClassII_DNA_hAT_932	0.0005911267	0.9994066	2.256908e-06
ClassII_DNA_hAT_933	8.738017e-05	0.99988496	2.7676917e-05
ClassII_DNA_hAT_934	0.0067465818	0.9932498	3.6840756e-06
ClassII_DNA_hAT_935	0.009467093	0.9905329	1.6080692e-08
ClassII_DNA_hAT_936	7.3558506e-09	1.0	2.1369612e-10
ClassII_DNA_hAT_937	0.0036215752	0.9797506	0.016627848
ClassII_DNA_hAT_938	0.009384575	0.9904944	0.00012098926
ClassII_DNA_hAT_939	2.8971353e-06	0.9999895	7.64982e-06
ClassII_DNA_hAT_940	0.019368201	0.98062474	7.154708e-06
ClassII_DNA_hAT_941	0.004278175	0.9957216	2.8612442e-07
ClassII_DNA_hAT_942	7.90774e-05	0.99992096	7.006877e-09
ClassII_DNA_hAT_943	0.16300103	0.8145242	0.02247475
ClassII_DNA_hAT_944	0.0056223846	0.9943772	3.433255e-07
ClassII_DNA_hAT_945	1.7510934e-10	1.0	2.7020353e-11
ClassII_DNA_hAT_946	0.042508956	0.95445246	0.0030386127
ClassII_DNA_hAT_947	0.0007615036	0.9992347	3.8257044e-06
ClassII_DNA_hAT_948	0.014115982	0.9858045	7.941644e-05
ClassII_DNA_hAT_949	0.0030585886	0.9969409	4.6615955e-07
ClassI_nLTR_SINE_7SL_950	0.9998474	0.00015223041	3.5736295e-07
ClassI_nLTR_SINE_7SL_951	0.9997682	0.00023178164	2.7836784e-09
ClassI_nLTR_SINE_7SL_952	0.9999119	8.809375e-05	6.876872e-10
ClassI_nLTR_SINE_7SL_953	0.9999646	3.545711e-05	3.2008135e-08
ClassI_nLTR_LINE_L1_954	1.0	4.1158077e-11	3.2678745e-14
ClassI_nLTR_LINE_L1_955	0.9998441	0.00015588243	1.0596936e-08
ClassI_nLTR_LINE_L1_956	0.9998627	0.00013690072	3.139131e-07
ClassI_nLTR_LINE_L1_957	1.0	7.8315045e-12	2.681928e-19
ClassI_nLTR_LINE_L1_958	0.9961443	0.0038259306	2.9748775e-05
ClassI_nLTR_LINE_L1_959	0.9999999	1.0030489e-07	1.2298463e-09
ClassI_nLTR_LINE_L1_960	0.9998559	0.00014364444	4.4527965e-07
ClassI_nLTR_LINE_L1_961	0.9999367	6.0869235e-05	2.4052629e-06
ClassI_nLTR_LINE_L1_962	0.9910602	0.008704976	0.00023492634
ClassI_nLTR_LINE_L1_963	0.99990714	9.287471e-05	3.271098e-08
ClassI_nLTR_LINE_L1_964	0.8763554	0.119609796	0.0040348135
ClassI_nLTR_LINE_L1_965	0.9999999	7.870919e-08	5.919371e-12
ClassI_nLTR_LINE_L1_966	0.99503267	0.004966973	2.9826558e-07
ClassI_nLTR_LINE_L1_967	0.99994254	5.7331847e-05	1.1957457e-07
ClassI_nLTR_LINE_L1_968	0.969113	0.030886086	8.9094374e-07
ClassI_nLTR_LINE_L1_969	1.0	6.512135e-10	1.0094948e-13
ClassI_nLTR_LINE_L1_970	0.9568223	0.043177586	6.4986565e-08
ClassI_nLTR_LINE_L1_971	0.99979705	0.0001891114	1.388064e-05
ClassI_nLTR_LINE_L1_972	1.0	2.4732746e-10	1.2431969e-14
ClassI_nLTR_LINE_L1_973	0.9999895	1.0514542e-05	2.577832e-10
ClassI_nLTR_LINE_L1_974	0.9999715	2.8452905e-05	4.7577534e-13
ClassI_nLTR_LINE_L1_975	1.0	2.9968408e-08	3.7875543e-11
ClassI_nLTR_LINE_L1_976	0.9998981	0.00010187298	5.036421e-09
ClassI_nLTR_LINE_L1_977	0.98172414	0.018269349	6.5240156e-06
ClassI_nLTR_LINE_L1_978	1.0	8.7941626e-10	6.914449e-14
ClassI_nLTR_LINE_L1_979	1.0	7.1108633e-16	5.9130763e-19
ClassI_nLTR_LINE_L1_980	1.0	6.5040035e-14	5.9631206e-17
ClassI_nLTR_LINE_L1_981	1.0	2.321325e-19	1.6323215e-27
ClassI_nLTR_LINE_L1_982	1.0	2.8882838e-09	1.8696433e-15
ClassI_nLTR_LINE_L1_983	0.99924695	0.0007528654	1.9324581e-07
ClassI_nLTR_LINE_L1_984	0.99808395	0.0019153544	6.806671e-07
ClassI_nLTR_LINE_L1_985	1.0	6.1064394e-14	1.0739238e-16
ClassI_nLTR_LINE_I_986	1.0	6.5151105e-12	6.884967e-15
ClassI_nLTR_LINE_I_987	0.99956244	0.00043422653	3.2992557e-06
ClassI_nLTR_LINE_I_988	0.99999595	3.1101556e-06	9.410285e-07
ClassI_nLTR_LINE_I_989	0.96749187	0.02953762	0.0029705348
ClassII_DNA_CACTA_990	3.002482e-08	1.0	1.1663195e-10
ClassII_DNA_CACTA_991	0.0074396417	0.9925546	5.7702127e-06
ClassII_DNA_CACTA_992	0.0030216228	0.9969764	2.029013e-06
ClassII_DNA_CACTA_993	1.1293633e-16	1.0	4.1865802e-16
ClassII_DNA_CACTA_994	6.287017e-05	0.9986406	0.0012964888
ClassII_DNA_CACTA_995	0.0072697545	0.9927209	9.361976e-06
ClassII_DNA_CACTA_996	4.084503e-06	0.9999957	2.2066952e-07
ClassII_DNA_CACTA_997	1.7426048e-05	0.99998176	7.8718386e-07
ClassII_DNA_CACTA_998	0.00015219656	0.99980253	4.5322922e-05
ClassII_DNA_CACTA_999	6.569896e-05	0.99993217	2.1635476e-06
ClassII_DNA_CACTA_1000	2.1724749e-05	0.9999783	1.6657538e-08
ClassII_DNA_CACTA_1001	0.035246667	0.7943074	0.17044592
ClassII_DNA_CACTA_1002	0.0057555074	0.9942444	6.689508e-08
ClassII_DNA_CACTA_1003	0.011210402	0.98667765	0.0021120484
ClassII_DNA_CACTA_1004	0.0018629247	0.998137	9.778713e-10
ClassII_DNA_CACTA_1005	0.0006386603	0.99935824	3.148291e-06
ClassII_DNA_CACTA_1006	1.5424028e-16	1.0	9.5455374e-21
ClassII_DNA_CACTA_1007	1.660019e-05	0.99998236	1.0541961e-06
ClassII_DNA_CACTA_1008	3.6041347e-11	1.0	5.818484e-15
ClassII_DNA_CACTA_1009	1.0615567e-11	1.0	8.221507e-09
ClassII_DNA_CACTA_1010	0.09803981	0.9016027	0.00035750977
ClassI_nLTR_DIRS_1011	1.0	9.633532e-10	3.502818e-13
ClassI_nLTR_DIRS_1012	0.9984163	0.0015836027	1.1314858e-07
ClassI_nLTR_DIRS_1013	0.9999639	3.6086483e-05	7.426575e-10
ClassI_nLTR_DIRS_1014	1.0	1.44119765e-08	1.4625665e-13
ClassI_nLTR_DIRS_1015	0.99999976	2.3505012e-07	7.733228e-11
ClassI_nLTR_DIRS_1016	1.0	5.97763e-09	9.3614075e-14
ClassI_nLTR_DIRS_1017	1.0	3.2777878e-10	1.3288028e-16
ClassII_DNA_Mutator_1018	5.893724e-07	0.99999726	2.1904839e-06
ClassII_DNA_Mutator_1019	4.4651508e-05	0.9999553	1.2735531e-08
ClassII_DNA_Mutator_1020	0.025622195	0.9737622	0.0006156062
ClassII_DNA_Mutator_1021	0.00020320567	0.9997962	5.4791354e-07
ClassII_DNA_Mutator_1022	3.3128592e-05	0.99992394	4.2912e-05
ClassII_DNA_Mutator_1023	4.6396703e-10	0.9999995	4.468292e-07
ClassII_DNA_Mutator_1024	0.00034904716	0.99792874	0.0017222388
ClassII_DNA_Mutator_1025	4.1804906e-06	0.9999889	6.857793e-06
ClassII_DNA_Mutator_1026	0.0334535	0.96654654	1.941922e-08
ClassII_DNA_Mutator_1027	6.4214796e-06	0.99999344	1.5445342e-07
ClassII_DNA_Mutator_1028	0.3111223	0.68874586	0.00013184523
ClassII_DNA_Mutator_1029	0.00014165313	0.99984455	1.3864708e-05
ClassII_DNA_Mutator_1030	2.9720024e-10	1.0	1.0614899e-11
ClassII_DNA_Mutator_1031	4.5285932e-13	1.0	5.9401883e-10
ClassII_DNA_Mutator_1032	0.026406854	0.9721511	0.0014421203
ClassII_DNA_Mutator_1033	0.19650044	0.8034872	1.2331937e-05
ClassII_DNA_Mutator_1034	0.00058597035	0.999413	1.0515071e-06
ClassII_DNA_Mutator_1035	0.022775928	0.97700274	0.00022133726
ClassII_DNA_Mutator_1036	2.880387e-07	0.9999877	1.2050546e-05
ClassII_DNA_Mutator_1037	3.1813333e-06	0.9999968	2.5819067e-09
ClassII_DNA_Mutator_1038	0.0026900708	0.997306	3.890322e-06
ClassII_DNA_Mutator_1039	8.0411855e-06	0.9998056	0.00018640673
ClassII_DNA_Mutator_1040	0.000109970475	0.99988997	3.311873e-08
ClassII_DNA_Mutator_1041	3.2171232e-15	1.0	6.6644716e-09
ClassI_nLTR_PLE_1042	0.9999056	8.2770974e-05	1.1623683e-05
ClassI_nLTR_PLE_1043	0.9999901	9.918205e-06	1.1203345e-09
ClassI_nLTR_PLE_1044	0.96167374	0.038324527	1.7210701e-06
ClassI_nLTR_PLE_1045	0.8832651	0.1167304	4.5481997e-06
ClassI_nLTR_PLE_1046	0.9959417	0.0037991095	0.00025920017
ClassI_nLTR_PLE_1047	0.9999894	1.0609596e-05	7.320009e-10
ClassI_nLTR_PLE_1048	0.9999969	3.1221912e-06	5.4544075e-10
ClassI_nLTR_PLE_1049	0.9997429	0.00025689392	1.4875687e-07
ClassI_nLTR_PLE_1050	0.9870575	0.012941457	1.045615e-06
ClassI_nLTR_PLE_1051	0.011052891	0.9889471	4.1418556e-08
ClassI_nLTR_PLE_1052	0.9957365	0.0042633545	1.2014063e-07
ClassI_nLTR_PLE_1053	0.9999964	2.5039228e-07	3.313515e-06
ClassI_nLTR_PLE_1054	0.99999833	1.61431e-06	1.0978767e-08
ClassII_DNA_Harbinger_1055	1.7514346e-07	0.99999106	8.7747585e-06
ClassII_DNA_Harbinger_1056	2.197415e-05	0.99996316	1.487339e-05
ClassII_DNA_Harbinger_1057	3.4334192e-07	0.99999964	6.334138e-09
ClassII_DNA_Harbinger_1058	0.07434099	0.9256484	1.0612806e-05
ClassII_DNA_Harbinger_1059	2.472919e-06	0.99996674	3.0744544e-05
ClassII_DNA_Harbinger_1060	0.0071061454	0.22878724	0.7641066
ClassII_DNA_Harbinger_1061	1.0517625e-05	0.99998903	4.3071827e-07
ClassII_DNA_Harbinger_1062	0.0005029413	0.9994579	3.9217044e-05
ClassII_DNA_Harbinger_1063	0.0068395967	0.99316025	1.3510936e-07
ClassII_DNA_Harbinger_1064	0.01951188	0.98026705	0.00022110216
ClassII_DNA_Harbinger_1065	6.338119e-07	0.9997743	0.00022507709
ClassII_DNA_Harbinger_1066	9.5600975e-05	0.99896455	0.0009398061
ClassII_DNA_Harbinger_1067	0.0058807493	0.99402183	9.737958e-05
ClassII_DNA_Harbinger_1068	7.335307e-06	0.99999034	2.3147259e-06
ClassII_DNA_Harbinger_1069	8.551382e-05	0.9999144	1.3108667e-07
ClassII_DNA_Harbinger_1070	0.002464678	0.9886798	0.00885554
ClassII_DNA_Harbinger_1071	0.0041262084	0.9957054	0.00016837585
ClassII_DNA_Harbinger_1072	0.11105801	0.8885302	0.00041186193
ClassII_DNA_Harbinger_1073	0.0013709707	0.998517	0.00011196229
ClassII_DNA_Harbinger_1074	0.0008996435	0.99851304	0.0005872718
ClassII_DNA_Harbinger_1075	8.8720156e-11	0.99999857	1.398793e-06
ClassII_DNA_Harbinger_1076	4.8072692e-05	0.99994516	6.812438e-06
ClassII_DNA_Harbinger_1077	4.4561893e-05	0.9982377	0.0017177046
ClassII_DNA_Harbinger_1078	0.0064594056	0.99311465	0.00042598465
