             precision    recall  f1-score   support

    Class 0       0.24      0.65      0.35        72
    Class 1       0.90      0.44      0.59        62
    Class 2       0.67      0.78      0.72        88
    Class 3       0.00      0.00      0.00         6
    Class 4       1.00      0.44      0.62        18
    Class 5       0.80      0.95      0.87        99
    Class 6       1.00      0.13      0.24        15
    Class 7       0.00      0.00      0.00         3
    Class 8       0.75      0.78      0.76        27
    Class 9       0.81      0.54      0.64        54
   Class 10       0.83      0.65      0.73       362
   Class 11       0.70      0.81      0.75       565
   Class 12       0.89      0.91      0.90       320
   Class 13       0.56      0.26      0.35        86
   Class 14       0.92      0.88      0.90       198
   Class 15       0.96      0.82      0.89        85
   Class 16       0.93      0.80      0.86        35
   Class 17       0.87      0.69      0.77        98

avg / total       0.78      0.75      0.75      2193

